(1, 1, 1)
(2, 2, 1)
(4, 3, 1)
(8, 4, 1)
(16, 5, 1)
(32, 6, 1)
(64, 7, 1)
(128, 8, 1)
(256, 9, 1)
(512, 10, 1)
(1024, 11, 1)
(1025, 11, 2)
(513, 10, 2)
(1026, 11, 3)
(1027, 11, 4)
(257, 9, 2)
(514, 10, 3)
(1028, 11, 5)
(1029, 11, 6)
(515, 10, 4)
(1030, 11, 7)
(1031, 11, 8)
(129, 8, 2)
(258, 9, 3)
(516, 10, 5)
(1032, 11, 9)
(1033, 11, 10)
(517, 10, 6)
(1034, 11, 11)
(1035, 11, 12)
(259, 9, 4)
(518, 10, 7)
(1036, 11, 13)
(1037, 11, 14)
(519, 10, 8)
(1038, 11, 15)
(1039, 11, 16)
(65, 7, 2)
(130, 8, 3)
(260, 9, 5)
(520, 10, 9)
(1040, 11, 17)
(1041, 11, 18)
(521, 10, 10)
(1042, 11, 19)
(1043, 11, 20)
(261, 9, 6)
(522, 10, 11)
(1044, 11, 21)
(1045, 11, 22)
(523, 10, 12)
(1046, 11, 23)
(1047, 11, 24)
(131, 8, 4)
(262, 9, 7)
(524, 10, 13)
(1048, 11, 25)
(1049, 11, 26)
(525, 10, 14)
(1050, 11, 27)
(1051, 11, 28)
(263, 9, 8)
(526, 10, 15)
(1052, 11, 29)
(1053, 11, 30)
(527, 10, 16)
(1054, 11, 31)
(1055, 11, 32)
(33, 6, 2)
(66, 7, 3)
(132, 8, 5)
(264, 9, 9)
(528, 10, 17)
(1056, 11, 33)
(1057, 11, 34)
(529, 10, 18)
(1058, 11, 35)
(1059, 11, 36)
(265, 9, 10)
(530, 10, 19)
(1060, 11, 37)
(1061, 11, 38)
(531, 10, 20)
(1062, 11, 39)
(1063, 11, 40)
(133, 8, 6)
(266, 9, 11)
(532, 10, 21)
(1064, 11, 41)
(1065, 11, 42)
(533, 10, 22)
(1066, 11, 43)
(1067, 11, 44)
(267, 9, 12)
(534, 10, 23)
(1068, 11, 45)
(1069, 11, 46)
(535, 10, 24)
(1070, 11, 47)
(1071, 11, 48)
(67, 7, 4)
(134, 8, 7)
(268, 9, 13)
(536, 10, 25)
(1072, 11, 49)
(1073, 11, 50)
(537, 10, 26)
(1074, 11, 51)
(1075, 11, 52)
(269, 9, 14)
(538, 10, 27)
(1076, 11, 53)
(1077, 11, 54)
(539, 10, 28)
(1078, 11, 55)
(1079, 11, 56)
(135, 8, 8)
(270, 9, 15)
(540, 10, 29)
(1080, 11, 57)
(1081, 11, 58)
(541, 10, 30)
(1082, 11, 59)
(1083, 11, 60)
(271, 9, 16)
(542, 10, 31)
(1084, 11, 61)
(1085, 11, 62)
(543, 10, 32)
(1086, 11, 63)
(1087, 11, 64)
(17, 5, 2)
(34, 6, 3)
(68, 7, 5)
(136, 8, 9)
(272, 9, 17)
(544, 10, 33)
(1088, 11, 65)
(1089, 11, 66)
(545, 10, 34)
(1090, 11, 67)
(1091, 11, 68)
(273, 9, 18)
(546, 10, 35)
(1092, 11, 69)
(1093, 11, 70)
(547, 10, 36)
(1094, 11, 71)
(1095, 11, 72)
(137, 8, 10)
(274, 9, 19)
(548, 10, 37)
(1096, 11, 73)
(1097, 11, 74)
(549, 10, 38)
(1098, 11, 75)
(1099, 11, 76)
(275, 9, 20)
(550, 10, 39)
(1100, 11, 77)
(1101, 11, 78)
(551, 10, 40)
(1102, 11, 79)
(1103, 11, 80)
(69, 7, 6)
(138, 8, 11)
(276, 9, 21)
(552, 10, 41)
(1104, 11, 81)
(1105, 11, 82)
(553, 10, 42)
(1106, 11, 83)
(1107, 11, 84)
(277, 9, 22)
(554, 10, 43)
(1108, 11, 85)
(1109, 11, 86)
(555, 10, 44)
(1110, 11, 87)
(1111, 11, 88)
(139, 8, 12)
(278, 9, 23)
(556, 10, 45)
(1112, 11, 89)
(1113, 11, 90)
(557, 10, 46)
(1114, 11, 91)
(1115, 11, 92)
(279, 9, 24)
(558, 10, 47)
(1116, 11, 93)
(1117, 11, 94)
(559, 10, 48)
(1118, 11, 95)
(1119, 11, 96)
(35, 6, 4)
(70, 7, 7)
(140, 8, 13)
(280, 9, 25)
(560, 10, 49)
(1120, 11, 97)
(1121, 11, 98)
(561, 10, 50)
(1122, 11, 99)
(1123, 11, 100)
(281, 9, 26)
(562, 10, 51)
(1124, 11, 101)
(1125, 11, 102)
(563, 10, 52)
(1126, 11, 103)
(1127, 11, 104)
(141, 8, 14)
(282, 9, 27)
(564, 10, 53)
(1128, 11, 105)
(1129, 11, 106)
(565, 10, 54)
(1130, 11, 107)
(1131, 11, 108)
(283, 9, 28)
(566, 10, 55)
(1132, 11, 109)
(1133, 11, 110)
(567, 10, 56)
(1134, 11, 111)
(1135, 11, 112)
(71, 7, 8)
(142, 8, 15)
(284, 9, 29)
(568, 10, 57)
(1136, 11, 113)
(1137, 11, 114)
(569, 10, 58)
(1138, 11, 115)
(1139, 11, 116)
(285, 9, 30)
(570, 10, 59)
(1140, 11, 117)
(1141, 11, 118)
(571, 10, 60)
(1142, 11, 119)
(1143, 11, 120)
(143, 8, 16)
(286, 9, 31)
(572, 10, 61)
(1144, 11, 121)
(1145, 11, 122)
(573, 10, 62)
(1146, 11, 123)
(1147, 11, 124)
(287, 9, 32)
(574, 10, 63)
(1148, 11, 125)
(1149, 11, 126)
(575, 10, 64)
(1150, 11, 127)
(1151, 11, 128)
(9, 4, 2)
(18, 5, 3)
(36, 6, 5)
(72, 7, 9)
(144, 8, 17)
(288, 9, 33)
(576, 10, 65)
(1152, 11, 129)
(1153, 11, 130)
(577, 10, 66)
(1154, 11, 131)
(1155, 11, 132)
(289, 9, 34)
(578, 10, 67)
(1156, 11, 133)
(1157, 11, 134)
(579, 10, 68)
(1158, 11, 135)
(1159, 11, 136)
(145, 8, 18)
(290, 9, 35)
(580, 10, 69)
(1160, 11, 137)
(1161, 11, 138)
(581, 10, 70)
(1162, 11, 139)
(1163, 11, 140)
(291, 9, 36)
(582, 10, 71)
(1164, 11, 141)
(1165, 11, 142)
(583, 10, 72)
(1166, 11, 143)
(1167, 11, 144)
(73, 7, 10)
(146, 8, 19)
(292, 9, 37)
(584, 10, 73)
(1168, 11, 145)
(1169, 11, 146)
(585, 10, 74)
(1170, 11, 147)
(1171, 11, 148)
(293, 9, 38)
(586, 10, 75)
(1172, 11, 149)
(1173, 11, 150)
(587, 10, 76)
(1174, 11, 151)
(1175, 11, 152)
(147, 8, 20)
(294, 9, 39)
(588, 10, 77)
(1176, 11, 153)
(1177, 11, 154)
(589, 10, 78)
(1178, 11, 155)
(1179, 11, 156)
(295, 9, 40)
(590, 10, 79)
(1180, 11, 157)
(1181, 11, 158)
(591, 10, 80)
(1182, 11, 159)
(1183, 11, 160)
(37, 6, 6)
(74, 7, 11)
(148, 8, 21)
(296, 9, 41)
(592, 10, 81)
(1184, 11, 161)
(1185, 11, 162)
(593, 10, 82)
(1186, 11, 163)
(1187, 11, 164)
(297, 9, 42)
(594, 10, 83)
(1188, 11, 165)
(1189, 11, 166)
(595, 10, 84)
(1190, 11, 167)
(1191, 11, 168)
(149, 8, 22)
(298, 9, 43)
(596, 10, 85)
(1192, 11, 169)
(1193, 11, 170)
(597, 10, 86)
(1194, 11, 171)
(1195, 11, 172)
(299, 9, 44)
(598, 10, 87)
(1196, 11, 173)
(1197, 11, 174)
(599, 10, 88)
(1198, 11, 175)
(1199, 11, 176)
(75, 7, 12)
(150, 8, 23)
(300, 9, 45)
(600, 10, 89)
(1200, 11, 177)
(1201, 11, 178)
(601, 10, 90)
(1202, 11, 179)
(1203, 11, 180)
(301, 9, 46)
(602, 10, 91)
(1204, 11, 181)
(1205, 11, 182)
(603, 10, 92)
(1206, 11, 183)
(1207, 11, 184)
(151, 8, 24)
(302, 9, 47)
(604, 10, 93)
(1208, 11, 185)
(1209, 11, 186)
(605, 10, 94)
(1210, 11, 187)
(1211, 11, 188)
(303, 9, 48)
(606, 10, 95)
(1212, 11, 189)
(1213, 11, 190)
(607, 10, 96)
(1214, 11, 191)
(1215, 11, 192)
(19, 5, 4)
(38, 6, 7)
(76, 7, 13)
(152, 8, 25)
(304, 9, 49)
(608, 10, 97)
(1216, 11, 193)
(1217, 11, 194)
(609, 10, 98)
(1218, 11, 195)
(1219, 11, 196)
(305, 9, 50)
(610, 10, 99)
(1220, 11, 197)
(1221, 11, 198)
(611, 10, 100)
(1222, 11, 199)
(1223, 11, 200)
(153, 8, 26)
(306, 9, 51)
(612, 10, 101)
(1224, 11, 201)
(1225, 11, 202)
(613, 10, 102)
(1226, 11, 203)
(1227, 11, 204)
(307, 9, 52)
(614, 10, 103)
(1228, 11, 205)
(1229, 11, 206)
(615, 10, 104)
(1230, 11, 207)
(1231, 11, 208)
(77, 7, 14)
(154, 8, 27)
(308, 9, 53)
(616, 10, 105)
(1232, 11, 209)
(1233, 11, 210)
(617, 10, 106)
(1234, 11, 211)
(1235, 11, 212)
(309, 9, 54)
(618, 10, 107)
(1236, 11, 213)
(1237, 11, 214)
(619, 10, 108)
(1238, 11, 215)
(1239, 11, 216)
(155, 8, 28)
(310, 9, 55)
(620, 10, 109)
(1240, 11, 217)
(1241, 11, 218)
(621, 10, 110)
(1242, 11, 219)
(1243, 11, 220)
(311, 9, 56)
(622, 10, 111)
(1244, 11, 221)
(1245, 11, 222)
(623, 10, 112)
(1246, 11, 223)
(1247, 11, 224)
(39, 6, 8)
(78, 7, 15)
(156, 8, 29)
(312, 9, 57)
(624, 10, 113)
(1248, 11, 225)
(1249, 11, 226)
(625, 10, 114)
(1250, 11, 227)
(1251, 11, 228)
(313, 9, 58)
(626, 10, 115)
(1252, 11, 229)
(1253, 11, 230)
(627, 10, 116)
(1254, 11, 231)
(1255, 11, 232)
(157, 8, 30)
(314, 9, 59)
(628, 10, 117)
(1256, 11, 233)
(1257, 11, 234)
(629, 10, 118)
(1258, 11, 235)
(1259, 11, 236)
(315, 9, 60)
(630, 10, 119)
(1260, 11, 237)
(1261, 11, 238)
(631, 10, 120)
(1262, 11, 239)
(1263, 11, 240)
(79, 7, 16)
(158, 8, 31)
(316, 9, 61)
(632, 10, 121)
(1264, 11, 241)
(1265, 11, 242)
(633, 10, 122)
(1266, 11, 243)
(1267, 11, 244)
(317, 9, 62)
(634, 10, 123)
(1268, 11, 245)
(1269, 11, 246)
(635, 10, 124)
(1270, 11, 247)
(1271, 11, 248)
(159, 8, 32)
(318, 9, 63)
(636, 10, 125)
(1272, 11, 249)
(1273, 11, 250)
(637, 10, 126)
(1274, 11, 251)
(1275, 11, 252)
(319, 9, 64)
(638, 10, 127)
(1276, 11, 253)
(1277, 11, 254)
(639, 10, 128)
(1278, 11, 255)
(1279, 11, 256)
(5, 3, 2)
(10, 4, 3)
(20, 5, 5)
(40, 6, 9)
(80, 7, 17)
(160, 8, 33)
(320, 9, 65)
(640, 10, 129)
(1280, 11, 257)
(1281, 11, 258)
(641, 10, 130)
(1282, 11, 259)
(1283, 11, 260)
(321, 9, 66)
(642, 10, 131)
(1284, 11, 261)
(1285, 11, 262)
(643, 10, 132)
(1286, 11, 263)
(1287, 11, 264)
(161, 8, 34)
(322, 9, 67)
(644, 10, 133)
(1288, 11, 265)
(1289, 11, 266)
(645, 10, 134)
(1290, 11, 267)
(1291, 11, 268)
(323, 9, 68)
(646, 10, 135)
(1292, 11, 269)
(1293, 11, 270)
(647, 10, 136)
(1294, 11, 271)
(1295, 11, 272)
(81, 7, 18)
(162, 8, 35)
(324, 9, 69)
(648, 10, 137)
(1296, 11, 273)
(1297, 11, 274)
(649, 10, 138)
(1298, 11, 275)
(1299, 11, 276)
(325, 9, 70)
(650, 10, 139)
(1300, 11, 277)
(1301, 11, 278)
(651, 10, 140)
(1302, 11, 279)
(1303, 11, 280)
(163, 8, 36)
(326, 9, 71)
(652, 10, 141)
(1304, 11, 281)
(1305, 11, 282)
(653, 10, 142)
(1306, 11, 283)
(1307, 11, 284)
(327, 9, 72)
(654, 10, 143)
(1308, 11, 285)
(1309, 11, 286)
(655, 10, 144)
(1310, 11, 287)
(1311, 11, 288)
(41, 6, 10)
(82, 7, 19)
(164, 8, 37)
(328, 9, 73)
(656, 10, 145)
(1312, 11, 289)
(1313, 11, 290)
(657, 10, 146)
(1314, 11, 291)
(1315, 11, 292)
(329, 9, 74)
(658, 10, 147)
(1316, 11, 293)
(1317, 11, 294)
(659, 10, 148)
(1318, 11, 295)
(1319, 11, 296)
(165, 8, 38)
(330, 9, 75)
(660, 10, 149)
(1320, 11, 297)
(1321, 11, 298)
(661, 10, 150)
(1322, 11, 299)
(1323, 11, 300)
(331, 9, 76)
(662, 10, 151)
(1324, 11, 301)
(1325, 11, 302)
(663, 10, 152)
(1326, 11, 303)
(1327, 11, 304)
(83, 7, 20)
(166, 8, 39)
(332, 9, 77)
(664, 10, 153)
(1328, 11, 305)
(1329, 11, 306)
(665, 10, 154)
(1330, 11, 307)
(1331, 11, 308)
(333, 9, 78)
(666, 10, 155)
(1332, 11, 309)
(1333, 11, 310)
(667, 10, 156)
(1334, 11, 311)
(1335, 11, 312)
(167, 8, 40)
(334, 9, 79)
(668, 10, 157)
(1336, 11, 313)
(1337, 11, 314)
(669, 10, 158)
(1338, 11, 315)
(1339, 11, 316)
(335, 9, 80)
(670, 10, 159)
(1340, 11, 317)
(1341, 11, 318)
(671, 10, 160)
(1342, 11, 319)
(1343, 11, 320)
(21, 5, 6)
(42, 6, 11)
(84, 7, 21)
(168, 8, 41)
(336, 9, 81)
(672, 10, 161)
(1344, 11, 321)
(1345, 11, 322)
(673, 10, 162)
(1346, 11, 323)
(1347, 11, 324)
(337, 9, 82)
(674, 10, 163)
(1348, 11, 325)
(1349, 11, 326)
(675, 10, 164)
(1350, 11, 327)
(1351, 11, 328)
(169, 8, 42)
(338, 9, 83)
(676, 10, 165)
(1352, 11, 329)
(1353, 11, 330)
(677, 10, 166)
(1354, 11, 331)
(1355, 11, 332)
(339, 9, 84)
(678, 10, 167)
(1356, 11, 333)
(1357, 11, 334)
(679, 10, 168)
(1358, 11, 335)
(1359, 11, 336)
(85, 7, 22)
(170, 8, 43)
(340, 9, 85)
(680, 10, 169)
(1360, 11, 337)
(1361, 11, 338)
(681, 10, 170)
(1362, 11, 339)
(1363, 11, 340)
(341, 9, 86)
(682, 10, 171)
(1364, 11, 341)
(1365, 11, 342)
(683, 10, 172)
(1366, 11, 343)
(1367, 11, 344)
(171, 8, 44)
(342, 9, 87)
(684, 10, 173)
(1368, 11, 345)
(1369, 11, 346)
(685, 10, 174)
(1370, 11, 347)
(1371, 11, 348)
(343, 9, 88)
(686, 10, 175)
(1372, 11, 349)
(1373, 11, 350)
(687, 10, 176)
(1374, 11, 351)
(1375, 11, 352)
(43, 6, 12)
(86, 7, 23)
(172, 8, 45)
(344, 9, 89)
(688, 10, 177)
(1376, 11, 353)
(1377, 11, 354)
(689, 10, 178)
(1378, 11, 355)
(1379, 11, 356)
(345, 9, 90)
(690, 10, 179)
(1380, 11, 357)
(1381, 11, 358)
(691, 10, 180)
(1382, 11, 359)
(1383, 11, 360)
(173, 8, 46)
(346, 9, 91)
(692, 10, 181)
(1384, 11, 361)
(1385, 11, 362)
(693, 10, 182)
(1386, 11, 363)
(1387, 11, 364)
(347, 9, 92)
(694, 10, 183)
(1388, 11, 365)
(1389, 11, 366)
(695, 10, 184)
(1390, 11, 367)
(1391, 11, 368)
(87, 7, 24)
(174, 8, 47)
(348, 9, 93)
(696, 10, 185)
(1392, 11, 369)
(1393, 11, 370)
(697, 10, 186)
(1394, 11, 371)
(1395, 11, 372)
(349, 9, 94)
(698, 10, 187)
(1396, 11, 373)
(1397, 11, 374)
(699, 10, 188)
(1398, 11, 375)
(1399, 11, 376)
(175, 8, 48)
(350, 9, 95)
(700, 10, 189)
(1400, 11, 377)
(1401, 11, 378)
(701, 10, 190)
(1402, 11, 379)
(1403, 11, 380)
(351, 9, 96)
(702, 10, 191)
(1404, 11, 381)
(1405, 11, 382)
(703, 10, 192)
(1406, 11, 383)
(1407, 11, 384)
(11, 4, 4)
(22, 5, 7)
(44, 6, 13)
(88, 7, 25)
(176, 8, 49)
(352, 9, 97)
(704, 10, 193)
(1408, 11, 385)
(1409, 11, 386)
(705, 10, 194)
(1410, 11, 387)
(1411, 11, 388)
(353, 9, 98)
(706, 10, 195)
(1412, 11, 389)
(1413, 11, 390)
(707, 10, 196)
(1414, 11, 391)
(1415, 11, 392)
(177, 8, 50)
(354, 9, 99)
(708, 10, 197)
(1416, 11, 393)
(1417, 11, 394)
(709, 10, 198)
(1418, 11, 395)
(1419, 11, 396)
(355, 9, 100)
(710, 10, 199)
(1420, 11, 397)
(1421, 11, 398)
(711, 10, 200)
(1422, 11, 399)
(1423, 11, 400)
(89, 7, 26)
(178, 8, 51)
(356, 9, 101)
(712, 10, 201)
(1424, 11, 401)
(1425, 11, 402)
(713, 10, 202)
(1426, 11, 403)
(1427, 11, 404)
(357, 9, 102)
(714, 10, 203)
(1428, 11, 405)
(1429, 11, 406)
(715, 10, 204)
(1430, 11, 407)
(1431, 11, 408)
(179, 8, 52)
(358, 9, 103)
(716, 10, 205)
(1432, 11, 409)
(1433, 11, 410)
(717, 10, 206)
(1434, 11, 411)
(1435, 11, 412)
(359, 9, 104)
(718, 10, 207)
(1436, 11, 413)
(1437, 11, 414)
(719, 10, 208)
(1438, 11, 415)
(1439, 11, 416)
(45, 6, 14)
(90, 7, 27)
(180, 8, 53)
(360, 9, 105)
(720, 10, 209)
(1440, 11, 417)
(1441, 11, 418)
(721, 10, 210)
(1442, 11, 419)
(1443, 11, 420)
(361, 9, 106)
(722, 10, 211)
(1444, 11, 421)
(1445, 11, 422)
(723, 10, 212)
(1446, 11, 423)
(1447, 11, 424)
(181, 8, 54)
(362, 9, 107)
(724, 10, 213)
(1448, 11, 425)
(1449, 11, 426)
(725, 10, 214)
(1450, 11, 427)
(1451, 11, 428)
(363, 9, 108)
(726, 10, 215)
(1452, 11, 429)
(1453, 11, 430)
(727, 10, 216)
(1454, 11, 431)
(1455, 11, 432)
(91, 7, 28)
(182, 8, 55)
(364, 9, 109)
(728, 10, 217)
(1456, 11, 433)
(1457, 11, 434)
(729, 10, 218)
(1458, 11, 435)
(1459, 11, 436)
(365, 9, 110)
(730, 10, 219)
(1460, 11, 437)
(1461, 11, 438)
(731, 10, 220)
(1462, 11, 439)
(1463, 11, 440)
(183, 8, 56)
(366, 9, 111)
(732, 10, 221)
(1464, 11, 441)
(1465, 11, 442)
(733, 10, 222)
(1466, 11, 443)
(1467, 11, 444)
(367, 9, 112)
(734, 10, 223)
(1468, 11, 445)
(1469, 11, 446)
(735, 10, 224)
(1470, 11, 447)
(1471, 11, 448)
(23, 5, 8)
(46, 6, 15)
(92, 7, 29)
(184, 8, 57)
(368, 9, 113)
(736, 10, 225)
(1472, 11, 449)
(1473, 11, 450)
(737, 10, 226)
(1474, 11, 451)
(1475, 11, 452)
(369, 9, 114)
(738, 10, 227)
(1476, 11, 453)
(1477, 11, 454)
(739, 10, 228)
(1478, 11, 455)
(1479, 11, 456)
(185, 8, 58)
(370, 9, 115)
(740, 10, 229)
(1480, 11, 457)
(1481, 11, 458)
(741, 10, 230)
(1482, 11, 459)
(1483, 11, 460)
(371, 9, 116)
(742, 10, 231)
(1484, 11, 461)
(1485, 11, 462)
(743, 10, 232)
(1486, 11, 463)
(1487, 11, 464)
(93, 7, 30)
(186, 8, 59)
(372, 9, 117)
(744, 10, 233)
(1488, 11, 465)
(1489, 11, 466)
(745, 10, 234)
(1490, 11, 467)
(1491, 11, 468)
(373, 9, 118)
(746, 10, 235)
(1492, 11, 469)
(1493, 11, 470)
(747, 10, 236)
(1494, 11, 471)
(1495, 11, 472)
(187, 8, 60)
(374, 9, 119)
(748, 10, 237)
(1496, 11, 473)
(1497, 11, 474)
(749, 10, 238)
(1498, 11, 475)
(1499, 11, 476)
(375, 9, 120)
(750, 10, 239)
(1500, 11, 477)
(1501, 11, 478)
(751, 10, 240)
(1502, 11, 479)
(1503, 11, 480)
(47, 6, 16)
(94, 7, 31)
(188, 8, 61)
(376, 9, 121)
(752, 10, 241)
(1504, 11, 481)
(1505, 11, 482)
(753, 10, 242)
(1506, 11, 483)
(1507, 11, 484)
(377, 9, 122)
(754, 10, 243)
(1508, 11, 485)
(1509, 11, 486)
(755, 10, 244)
(1510, 11, 487)
(1511, 11, 488)
(189, 8, 62)
(378, 9, 123)
(756, 10, 245)
(1512, 11, 489)
(1513, 11, 490)
(757, 10, 246)
(1514, 11, 491)
(1515, 11, 492)
(379, 9, 124)
(758, 10, 247)
(1516, 11, 493)
(1517, 11, 494)
(759, 10, 248)
(1518, 11, 495)
(1519, 11, 496)
(95, 7, 32)
(190, 8, 63)
(380, 9, 125)
(760, 10, 249)
(1520, 11, 497)
(1521, 11, 498)
(761, 10, 250)
(1522, 11, 499)
(1523, 11, 500)
(381, 9, 126)
(762, 10, 251)
(1524, 11, 501)
(1525, 11, 502)
(763, 10, 252)
(1526, 11, 503)
(1527, 11, 504)
(191, 8, 64)
(382, 9, 127)
(764, 10, 253)
(1528, 11, 505)
(1529, 11, 506)
(765, 10, 254)
(1530, 11, 507)
(1531, 11, 508)
(383, 9, 128)
(766, 10, 255)
(1532, 11, 509)
(1533, 11, 510)
(767, 10, 256)
(1534, 11, 511)
(1535, 11, 512)
(3, 2, 2)
(6, 3, 3)
(12, 4, 5)
(24, 5, 9)
(48, 6, 17)
(96, 7, 33)
(192, 8, 65)
(384, 9, 129)
(768, 10, 257)
(1536, 11, 513)
(1537, 11, 514)
(769, 10, 258)
(1538, 11, 515)
(1539, 11, 516)
(385, 9, 130)
(770, 10, 259)
(1540, 11, 517)
(1541, 11, 518)
(771, 10, 260)
(1542, 11, 519)
(1543, 11, 520)
(193, 8, 66)
(386, 9, 131)
(772, 10, 261)
(1544, 11, 521)
(1545, 11, 522)
(773, 10, 262)
(1546, 11, 523)
(1547, 11, 524)
(387, 9, 132)
(774, 10, 263)
(1548, 11, 525)
(1549, 11, 526)
(775, 10, 264)
(1550, 11, 527)
(1551, 11, 528)
(97, 7, 34)
(194, 8, 67)
(388, 9, 133)
(776, 10, 265)
(1552, 11, 529)
(1553, 11, 530)
(777, 10, 266)
(1554, 11, 531)
(1555, 11, 532)
(389, 9, 134)
(778, 10, 267)
(1556, 11, 533)
(1557, 11, 534)
(779, 10, 268)
(1558, 11, 535)
(1559, 11, 536)
(195, 8, 68)
(390, 9, 135)
(780, 10, 269)
(1560, 11, 537)
(1561, 11, 538)
(781, 10, 270)
(1562, 11, 539)
(1563, 11, 540)
(391, 9, 136)
(782, 10, 271)
(1564, 11, 541)
(1565, 11, 542)
(783, 10, 272)
(1566, 11, 543)
(1567, 11, 544)
(49, 6, 18)
(98, 7, 35)
(196, 8, 69)
(392, 9, 137)
(784, 10, 273)
(1568, 11, 545)
(1569, 11, 546)
(785, 10, 274)
(1570, 11, 547)
(1571, 11, 548)
(393, 9, 138)
(786, 10, 275)
(1572, 11, 549)
(1573, 11, 550)
(787, 10, 276)
(1574, 11, 551)
(1575, 11, 552)
(197, 8, 70)
(394, 9, 139)
(788, 10, 277)
(1576, 11, 553)
(1577, 11, 554)
(789, 10, 278)
(1578, 11, 555)
(1579, 11, 556)
(395, 9, 140)
(790, 10, 279)
(1580, 11, 557)
(1581, 11, 558)
(791, 10, 280)
(1582, 11, 559)
(1583, 11, 560)
(99, 7, 36)
(198, 8, 71)
(396, 9, 141)
(792, 10, 281)
(1584, 11, 561)
(1585, 11, 562)
(793, 10, 282)
(1586, 11, 563)
(1587, 11, 564)
(397, 9, 142)
(794, 10, 283)
(1588, 11, 565)
(1589, 11, 566)
(795, 10, 284)
(1590, 11, 567)
(1591, 11, 568)
(199, 8, 72)
(398, 9, 143)
(796, 10, 285)
(1592, 11, 569)
(1593, 11, 570)
(797, 10, 286)
(1594, 11, 571)
(1595, 11, 572)
(399, 9, 144)
(798, 10, 287)
(1596, 11, 573)
(1597, 11, 574)
(799, 10, 288)
(1598, 11, 575)
(1599, 11, 576)
(25, 5, 10)
(50, 6, 19)
(100, 7, 37)
(200, 8, 73)
(400, 9, 145)
(800, 10, 289)
(1600, 11, 577)
(1601, 11, 578)
(801, 10, 290)
(1602, 11, 579)
(1603, 11, 580)
(401, 9, 146)
(802, 10, 291)
(1604, 11, 581)
(1605, 11, 582)
(803, 10, 292)
(1606, 11, 583)
(1607, 11, 584)
(201, 8, 74)
(402, 9, 147)
(804, 10, 293)
(1608, 11, 585)
(1609, 11, 586)
(805, 10, 294)
(1610, 11, 587)
(1611, 11, 588)
(403, 9, 148)
(806, 10, 295)
(1612, 11, 589)
(1613, 11, 590)
(807, 10, 296)
(1614, 11, 591)
(1615, 11, 592)
(101, 7, 38)
(202, 8, 75)
(404, 9, 149)
(808, 10, 297)
(1616, 11, 593)
(1617, 11, 594)
(809, 10, 298)
(1618, 11, 595)
(1619, 11, 596)
(405, 9, 150)
(810, 10, 299)
(1620, 11, 597)
(1621, 11, 598)
(811, 10, 300)
(1622, 11, 599)
(1623, 11, 600)
(203, 8, 76)
(406, 9, 151)
(812, 10, 301)
(1624, 11, 601)
(1625, 11, 602)
(813, 10, 302)
(1626, 11, 603)
(1627, 11, 604)
(407, 9, 152)
(814, 10, 303)
(1628, 11, 605)
(1629, 11, 606)
(815, 10, 304)
(1630, 11, 607)
(1631, 11, 608)
(51, 6, 20)
(102, 7, 39)
(204, 8, 77)
(408, 9, 153)
(816, 10, 305)
(1632, 11, 609)
(1633, 11, 610)
(817, 10, 306)
(1634, 11, 611)
(1635, 11, 612)
(409, 9, 154)
(818, 10, 307)
(1636, 11, 613)
(1637, 11, 614)
(819, 10, 308)
(1638, 11, 615)
(1639, 11, 616)
(205, 8, 78)
(410, 9, 155)
(820, 10, 309)
(1640, 11, 617)
(1641, 11, 618)
(821, 10, 310)
(1642, 11, 619)
(1643, 11, 620)
(411, 9, 156)
(822, 10, 311)
(1644, 11, 621)
(1645, 11, 622)
(823, 10, 312)
(1646, 11, 623)
(1647, 11, 624)
(103, 7, 40)
(206, 8, 79)
(412, 9, 157)
(824, 10, 313)
(1648, 11, 625)
(1649, 11, 626)
(825, 10, 314)
(1650, 11, 627)
(1651, 11, 628)
(413, 9, 158)
(826, 10, 315)
(1652, 11, 629)
(1653, 11, 630)
(827, 10, 316)
(1654, 11, 631)
(1655, 11, 632)
(207, 8, 80)
(414, 9, 159)
(828, 10, 317)
(1656, 11, 633)
(1657, 11, 634)
(829, 10, 318)
(1658, 11, 635)
(1659, 11, 636)
(415, 9, 160)
(830, 10, 319)
(1660, 11, 637)
(1661, 11, 638)
(831, 10, 320)
(1662, 11, 639)
(1663, 11, 640)
(13, 4, 6)
(26, 5, 11)
(52, 6, 21)
(104, 7, 41)
(208, 8, 81)
(416, 9, 161)
(832, 10, 321)
(1664, 11, 641)
(1665, 11, 642)
(833, 10, 322)
(1666, 11, 643)
(1667, 11, 644)
(417, 9, 162)
(834, 10, 323)
(1668, 11, 645)
(1669, 11, 646)
(835, 10, 324)
(1670, 11, 647)
(1671, 11, 648)
(209, 8, 82)
(418, 9, 163)
(836, 10, 325)
(1672, 11, 649)
(1673, 11, 650)
(837, 10, 326)
(1674, 11, 651)
(1675, 11, 652)
(419, 9, 164)
(838, 10, 327)
(1676, 11, 653)
(1677, 11, 654)
(839, 10, 328)
(1678, 11, 655)
(1679, 11, 656)
(105, 7, 42)
(210, 8, 83)
(420, 9, 165)
(840, 10, 329)
(1680, 11, 657)
(1681, 11, 658)
(841, 10, 330)
(1682, 11, 659)
(1683, 11, 660)
(421, 9, 166)
(842, 10, 331)
(1684, 11, 661)
(1685, 11, 662)
(843, 10, 332)
(1686, 11, 663)
(1687, 11, 664)
(211, 8, 84)
(422, 9, 167)
(844, 10, 333)
(1688, 11, 665)
(1689, 11, 666)
(845, 10, 334)
(1690, 11, 667)
(1691, 11, 668)
(423, 9, 168)
(846, 10, 335)
(1692, 11, 669)
(1693, 11, 670)
(847, 10, 336)
(1694, 11, 671)
(1695, 11, 672)
(53, 6, 22)
(106, 7, 43)
(212, 8, 85)
(424, 9, 169)
(848, 10, 337)
(1696, 11, 673)
(1697, 11, 674)
(849, 10, 338)
(1698, 11, 675)
(1699, 11, 676)
(425, 9, 170)
(850, 10, 339)
(1700, 11, 677)
(1701, 11, 678)
(851, 10, 340)
(1702, 11, 679)
(1703, 11, 680)
(213, 8, 86)
(426, 9, 171)
(852, 10, 341)
(1704, 11, 681)
(1705, 11, 682)
(853, 10, 342)
(1706, 11, 683)
(1707, 11, 684)
(427, 9, 172)
(854, 10, 343)
(1708, 11, 685)
(1709, 11, 686)
(855, 10, 344)
(1710, 11, 687)
(1711, 11, 688)
(107, 7, 44)
(214, 8, 87)
(428, 9, 173)
(856, 10, 345)
(1712, 11, 689)
(1713, 11, 690)
(857, 10, 346)
(1714, 11, 691)
(1715, 11, 692)
(429, 9, 174)
(858, 10, 347)
(1716, 11, 693)
(1717, 11, 694)
(859, 10, 348)
(1718, 11, 695)
(1719, 11, 696)
(215, 8, 88)
(430, 9, 175)
(860, 10, 349)
(1720, 11, 697)
(1721, 11, 698)
(861, 10, 350)
(1722, 11, 699)
(1723, 11, 700)
(431, 9, 176)
(862, 10, 351)
(1724, 11, 701)
(1725, 11, 702)
(863, 10, 352)
(1726, 11, 703)
(1727, 11, 704)
(27, 5, 12)
(54, 6, 23)
(108, 7, 45)
(216, 8, 89)
(432, 9, 177)
(864, 10, 353)
(1728, 11, 705)
(1729, 11, 706)
(865, 10, 354)
(1730, 11, 707)
(1731, 11, 708)
(433, 9, 178)
(866, 10, 355)
(1732, 11, 709)
(1733, 11, 710)
(867, 10, 356)
(1734, 11, 711)
(1735, 11, 712)
(217, 8, 90)
(434, 9, 179)
(868, 10, 357)
(1736, 11, 713)
(1737, 11, 714)
(869, 10, 358)
(1738, 11, 715)
(1739, 11, 716)
(435, 9, 180)
(870, 10, 359)
(1740, 11, 717)
(1741, 11, 718)
(871, 10, 360)
(1742, 11, 719)
(1743, 11, 720)
(109, 7, 46)
(218, 8, 91)
(436, 9, 181)
(872, 10, 361)
(1744, 11, 721)
(1745, 11, 722)
(873, 10, 362)
(1746, 11, 723)
(1747, 11, 724)
(437, 9, 182)
(874, 10, 363)
(1748, 11, 725)
(1749, 11, 726)
(875, 10, 364)
(1750, 11, 727)
(1751, 11, 728)
(219, 8, 92)
(438, 9, 183)
(876, 10, 365)
(1752, 11, 729)
(1753, 11, 730)
(877, 10, 366)
(1754, 11, 731)
(1755, 11, 732)
(439, 9, 184)
(878, 10, 367)
(1756, 11, 733)
(1757, 11, 734)
(879, 10, 368)
(1758, 11, 735)
(1759, 11, 736)
(55, 6, 24)
(110, 7, 47)
(220, 8, 93)
(440, 9, 185)
(880, 10, 369)
(1760, 11, 737)
(1761, 11, 738)
(881, 10, 370)
(1762, 11, 739)
(1763, 11, 740)
(441, 9, 186)
(882, 10, 371)
(1764, 11, 741)
(1765, 11, 742)
(883, 10, 372)
(1766, 11, 743)
(1767, 11, 744)
(221, 8, 94)
(442, 9, 187)
(884, 10, 373)
(1768, 11, 745)
(1769, 11, 746)
(885, 10, 374)
(1770, 11, 747)
(1771, 11, 748)
(443, 9, 188)
(886, 10, 375)
(1772, 11, 749)
(1773, 11, 750)
(887, 10, 376)
(1774, 11, 751)
(1775, 11, 752)
(111, 7, 48)
(222, 8, 95)
(444, 9, 189)
(888, 10, 377)
(1776, 11, 753)
(1777, 11, 754)
(889, 10, 378)
(1778, 11, 755)
(1779, 11, 756)
(445, 9, 190)
(890, 10, 379)
(1780, 11, 757)
(1781, 11, 758)
(891, 10, 380)
(1782, 11, 759)
(1783, 11, 760)
(223, 8, 96)
(446, 9, 191)
(892, 10, 381)
(1784, 11, 761)
(1785, 11, 762)
(893, 10, 382)
(1786, 11, 763)
(1787, 11, 764)
(447, 9, 192)
(894, 10, 383)
(1788, 11, 765)
(1789, 11, 766)
(895, 10, 384)
(1790, 11, 767)
(1791, 11, 768)
(7, 3, 4)
(14, 4, 7)
(28, 5, 13)
(56, 6, 25)
(112, 7, 49)
(224, 8, 97)
(448, 9, 193)
(896, 10, 385)
(1792, 11, 769)
(1793, 11, 770)
(897, 10, 386)
(1794, 11, 771)
(1795, 11, 772)
(449, 9, 194)
(898, 10, 387)
(1796, 11, 773)
(1797, 11, 774)
(899, 10, 388)
(1798, 11, 775)
(1799, 11, 776)
(225, 8, 98)
(450, 9, 195)
(900, 10, 389)
(1800, 11, 777)
(1801, 11, 778)
(901, 10, 390)
(1802, 11, 779)
(1803, 11, 780)
(451, 9, 196)
(902, 10, 391)
(1804, 11, 781)
(1805, 11, 782)
(903, 10, 392)
(1806, 11, 783)
(1807, 11, 784)
(113, 7, 50)
(226, 8, 99)
(452, 9, 197)
(904, 10, 393)
(1808, 11, 785)
(1809, 11, 786)
(905, 10, 394)
(1810, 11, 787)
(1811, 11, 788)
(453, 9, 198)
(906, 10, 395)
(1812, 11, 789)
(1813, 11, 790)
(907, 10, 396)
(1814, 11, 791)
(1815, 11, 792)
(227, 8, 100)
(454, 9, 199)
(908, 10, 397)
(1816, 11, 793)
(1817, 11, 794)
(909, 10, 398)
(1818, 11, 795)
(1819, 11, 796)
(455, 9, 200)
(910, 10, 399)
(1820, 11, 797)
(1821, 11, 798)
(911, 10, 400)
(1822, 11, 799)
(1823, 11, 800)
(57, 6, 26)
(114, 7, 51)
(228, 8, 101)
(456, 9, 201)
(912, 10, 401)
(1824, 11, 801)
(1825, 11, 802)
(913, 10, 402)
(1826, 11, 803)
(1827, 11, 804)
(457, 9, 202)
(914, 10, 403)
(1828, 11, 805)
(1829, 11, 806)
(915, 10, 404)
(1830, 11, 807)
(1831, 11, 808)
(229, 8, 102)
(458, 9, 203)
(916, 10, 405)
(1832, 11, 809)
(1833, 11, 810)
(917, 10, 406)
(1834, 11, 811)
(1835, 11, 812)
(459, 9, 204)
(918, 10, 407)
(1836, 11, 813)
(1837, 11, 814)
(919, 10, 408)
(1838, 11, 815)
(1839, 11, 816)
(115, 7, 52)
(230, 8, 103)
(460, 9, 205)
(920, 10, 409)
(1840, 11, 817)
(1841, 11, 818)
(921, 10, 410)
(1842, 11, 819)
(1843, 11, 820)
(461, 9, 206)
(922, 10, 411)
(1844, 11, 821)
(1845, 11, 822)
(923, 10, 412)
(1846, 11, 823)
(1847, 11, 824)
(231, 8, 104)
(462, 9, 207)
(924, 10, 413)
(1848, 11, 825)
(1849, 11, 826)
(925, 10, 414)
(1850, 11, 827)
(1851, 11, 828)
(463, 9, 208)
(926, 10, 415)
(1852, 11, 829)
(1853, 11, 830)
(927, 10, 416)
(1854, 11, 831)
(1855, 11, 832)
(29, 5, 14)
(58, 6, 27)
(116, 7, 53)
(232, 8, 105)
(464, 9, 209)
(928, 10, 417)
(1856, 11, 833)
(1857, 11, 834)
(929, 10, 418)
(1858, 11, 835)
(1859, 11, 836)
(465, 9, 210)
(930, 10, 419)
(1860, 11, 837)
(1861, 11, 838)
(931, 10, 420)
(1862, 11, 839)
(1863, 11, 840)
(233, 8, 106)
(466, 9, 211)
(932, 10, 421)
(1864, 11, 841)
(1865, 11, 842)
(933, 10, 422)
(1866, 11, 843)
(1867, 11, 844)
(467, 9, 212)
(934, 10, 423)
(1868, 11, 845)
(1869, 11, 846)
(935, 10, 424)
(1870, 11, 847)
(1871, 11, 848)
(117, 7, 54)
(234, 8, 107)
(468, 9, 213)
(936, 10, 425)
(1872, 11, 849)
(1873, 11, 850)
(937, 10, 426)
(1874, 11, 851)
(1875, 11, 852)
(469, 9, 214)
(938, 10, 427)
(1876, 11, 853)
(1877, 11, 854)
(939, 10, 428)
(1878, 11, 855)
(1879, 11, 856)
(235, 8, 108)
(470, 9, 215)
(940, 10, 429)
(1880, 11, 857)
(1881, 11, 858)
(941, 10, 430)
(1882, 11, 859)
(1883, 11, 860)
(471, 9, 216)
(942, 10, 431)
(1884, 11, 861)
(1885, 11, 862)
(943, 10, 432)
(1886, 11, 863)
(1887, 11, 864)
(59, 6, 28)
(118, 7, 55)
(236, 8, 109)
(472, 9, 217)
(944, 10, 433)
(1888, 11, 865)
(1889, 11, 866)
(945, 10, 434)
(1890, 11, 867)
(1891, 11, 868)
(473, 9, 218)
(946, 10, 435)
(1892, 11, 869)
(1893, 11, 870)
(947, 10, 436)
(1894, 11, 871)
(1895, 11, 872)
(237, 8, 110)
(474, 9, 219)
(948, 10, 437)
(1896, 11, 873)
(1897, 11, 874)
(949, 10, 438)
(1898, 11, 875)
(1899, 11, 876)
(475, 9, 220)
(950, 10, 439)
(1900, 11, 877)
(1901, 11, 878)
(951, 10, 440)
(1902, 11, 879)
(1903, 11, 880)
(119, 7, 56)
(238, 8, 111)
(476, 9, 221)
(952, 10, 441)
(1904, 11, 881)
(1905, 11, 882)
(953, 10, 442)
(1906, 11, 883)
(1907, 11, 884)
(477, 9, 222)
(954, 10, 443)
(1908, 11, 885)
(1909, 11, 886)
(955, 10, 444)
(1910, 11, 887)
(1911, 11, 888)
(239, 8, 112)
(478, 9, 223)
(956, 10, 445)
(1912, 11, 889)
(1913, 11, 890)
(957, 10, 446)
(1914, 11, 891)
(1915, 11, 892)
(479, 9, 224)
(958, 10, 447)
(1916, 11, 893)
(1917, 11, 894)
(959, 10, 448)
(1918, 11, 895)
(1919, 11, 896)
(15, 4, 8)
(30, 5, 15)
(60, 6, 29)
(120, 7, 57)
(240, 8, 113)
(480, 9, 225)
(960, 10, 449)
(1920, 11, 897)
(1921, 11, 898)
(961, 10, 450)
(1922, 11, 899)
(1923, 11, 900)
(481, 9, 226)
(962, 10, 451)
(1924, 11, 901)
(1925, 11, 902)
(963, 10, 452)
(1926, 11, 903)
(1927, 11, 904)
(241, 8, 114)
(482, 9, 227)
(964, 10, 453)
(1928, 11, 905)
(1929, 11, 906)
(965, 10, 454)
(1930, 11, 907)
(1931, 11, 908)
(483, 9, 228)
(966, 10, 455)
(1932, 11, 909)
(1933, 11, 910)
(967, 10, 456)
(1934, 11, 911)
(1935, 11, 912)
(121, 7, 58)
(242, 8, 115)
(484, 9, 229)
(968, 10, 457)
(1936, 11, 913)
(1937, 11, 914)
(969, 10, 458)
(1938, 11, 915)
(1939, 11, 916)
(485, 9, 230)
(970, 10, 459)
(1940, 11, 917)
(1941, 11, 918)
(971, 10, 460)
(1942, 11, 919)
(1943, 11, 920)
(243, 8, 116)
(486, 9, 231)
(972, 10, 461)
(1944, 11, 921)
(1945, 11, 922)
(973, 10, 462)
(1946, 11, 923)
(1947, 11, 924)
(487, 9, 232)
(974, 10, 463)
(1948, 11, 925)
(1949, 11, 926)
(975, 10, 464)
(1950, 11, 927)
(1951, 11, 928)
(61, 6, 30)
(122, 7, 59)
(244, 8, 117)
(488, 9, 233)
(976, 10, 465)
(1952, 11, 929)
(1953, 11, 930)
(977, 10, 466)
(1954, 11, 931)
(1955, 11, 932)
(489, 9, 234)
(978, 10, 467)
(1956, 11, 933)
(1957, 11, 934)
(979, 10, 468)
(1958, 11, 935)
(1959, 11, 936)
(245, 8, 118)
(490, 9, 235)
(980, 10, 469)
(1960, 11, 937)
(1961, 11, 938)
(981, 10, 470)
(1962, 11, 939)
(1963, 11, 940)
(491, 9, 236)
(982, 10, 471)
(1964, 11, 941)
(1965, 11, 942)
(983, 10, 472)
(1966, 11, 943)
(1967, 11, 944)
(123, 7, 60)
(246, 8, 119)
(492, 9, 237)
(984, 10, 473)
(1968, 11, 945)
(1969, 11, 946)
(985, 10, 474)
(1970, 11, 947)
(1971, 11, 948)
(493, 9, 238)
(986, 10, 475)
(1972, 11, 949)
(1973, 11, 950)
(987, 10, 476)
(1974, 11, 951)
(1975, 11, 952)
(247, 8, 120)
(494, 9, 239)
(988, 10, 477)
(1976, 11, 953)
(1977, 11, 954)
(989, 10, 478)
(1978, 11, 955)
(1979, 11, 956)
(495, 9, 240)
(990, 10, 479)
(1980, 11, 957)
(1981, 11, 958)
(991, 10, 480)
(1982, 11, 959)
(1983, 11, 960)
(31, 5, 16)
(62, 6, 31)
(124, 7, 61)
(248, 8, 121)
(496, 9, 241)
(992, 10, 481)
(1984, 11, 961)
(1985, 11, 962)
(993, 10, 482)
(1986, 11, 963)
(1987, 11, 964)
(497, 9, 242)
(994, 10, 483)
(1988, 11, 965)
(1989, 11, 966)
(995, 10, 484)
(1990, 11, 967)
(1991, 11, 968)
(249, 8, 122)
(498, 9, 243)
(996, 10, 485)
(1992, 11, 969)
(1993, 11, 970)
(997, 10, 486)
(1994, 11, 971)
(1995, 11, 972)
(499, 9, 244)
(998, 10, 487)
(1996, 11, 973)
(1997, 11, 974)
(999, 10, 488)
(1998, 11, 975)
(1999, 11, 976)
(125, 7, 62)
(250, 8, 123)
(500, 9, 245)
(1000, 10, 489)
(2000, 11, 977)
(2001, 11, 978)
(1001, 10, 490)
(2002, 11, 979)
(2003, 11, 980)
(501, 9, 246)
(1002, 10, 491)
(2004, 11, 981)
(2005, 11, 982)
(1003, 10, 492)
(2006, 11, 983)
(2007, 11, 984)
(251, 8, 124)
(502, 9, 247)
(1004, 10, 493)
(2008, 11, 985)
(2009, 11, 986)
(1005, 10, 494)
(2010, 11, 987)
(2011, 11, 988)
(503, 9, 248)
(1006, 10, 495)
(2012, 11, 989)
(2013, 11, 990)
(1007, 10, 496)
(2014, 11, 991)
(2015, 11, 992)
(63, 6, 32)
(126, 7, 63)
(252, 8, 125)
(504, 9, 249)
(1008, 10, 497)
(2016, 11, 993)
(2017, 11, 994)
(1009, 10, 498)
(2018, 11, 995)
(2019, 11, 996)
(505, 9, 250)
(1010, 10, 499)
(2020, 11, 997)
(2021, 11, 998)
(1011, 10, 500)
(2022, 11, 999)
(2023, 11, 1000)
(253, 8, 126)
(506, 9, 251)
(1012, 10, 501)
(2024, 11, 1001)
(1013, 10, 502)
(507, 9, 252)
(1014, 10, 503)
(1015, 10, 504)
(127, 7, 64)
(254, 8, 127)
(508, 9, 253)
(1016, 10, 505)
(1017, 10, 506)
(509, 9, 254)
(1018, 10, 507)
(1019, 10, 508)
(255, 8, 128)
(510, 9, 255)
(1020, 10, 509)
(1021, 10, 510)
(511, 9, 256)
(1022, 10, 511)
(1023, 10, 512)
